seed,instance,duration,frequency,cost,tardiness,travelTime,overTime,computationTime
782583506969552992,1,240,24,2715.2467904373407,1872.95135,475.9121071040076,366.3833333333333,10776,4
-5541464229484342020,1,240,24,3234.3370360670388,2343.3951666666667,467.9085360670388,423.03333333333336,11108,9
5203306459365885672,1,240,24,3804.972542755559,2860.0919833333332,491.413892755559,453.46666666666664,11920,6
7642908639498411342,1,240,24,5429.772779360463,4274.5496,490.93984602712897,664.2833333333333,11209,14
-2451299337107840008,1,240,24,3330.998152318236,2415.84095,469.2572023182361,445.9,11289,6
5928283818417923153,1,240,24,3359.7450609256216,2439.648833333333,490.19622759228827,429.9,10946,7
2461734090402507026,1,240,24,3033.053089014833,2160.1398,479.3466223481662,393.56666666666666,10787,6
2134024673109844781,1,240,24,1381.4245307481383,692.9496166666667,486.99158074813835,201.48333333333332,10603,4
-8961300118901020200,1,240,24,1714.8503182703594,954.7511,512.715884937026,247.38333333333333,10735,4
8075292919129901534,1,240,24,4923.613159703656,3847.1549333333332,462.40822637032255,614.05,11527,11
-8261313408374103090,1,240,24,5126.002336359059,4032.0331666666666,517.2691696923923,576.7,5838,9
7674419966232165276,1,240,24,3451.2151664098465,2581.2357,468.0794664098463,401.9,5809,7
7109546606045534716,1,240,24,2288.5630655981813,1468.1295,466.4335655981815,354.0,5762,5
6556361022965809331,1,240,24,3063.602388513108,2194.99545,489.3069385131078,379.3,5849,5
-8727434480880003295,1,240,24,3560.475109316728,2567.53355,500.3082259833946,492.6333333333333,5846,10
316214762330218711,1,240,24,3116.952225552924,2194.8699166666665,458.28230888625734,463.8,5618,7
511168606054560241,1,240,24,2727.3520761864975,1907.6419333333333,473.1601428531642,346.55,5802,6
-6944560613166325532,1,240,24,4985.3488340708245,3810.7033333333334,536.6121674041581,638.0333333333333,6006,11
8502646895184153456,1,240,24,4028.3139652463374,3044.107916666667,465.0560485796705,519.15,5808,7
-6150989588647184654,1,240,24,1956.369555886662,1222.0269833333334,492.74257255332884,241.6,5672,4
6940304193960507239,1,240,24,3390.977757825554,2491.54655,463.5645411588869,435.8666666666667,5165,7
8994497875694156924,1,240,24,4388.0645376576795,3402.51345,489.10108765767956,496.45,5730,6
-2003976480001387728,1,240,24,1764.8938257107543,1058.4929666666667,454.08419237742106,252.31666666666666,5027,5
-2327051053310206553,1,240,24,2295.4006192757906,1464.53725,503.98003594245745,326.8833333333333,5412,6
647836301658713295,1,240,24,4306.739927312591,3327.7451666666666,469.59476064592457,509.4,4959,8
-71164265115712545,1,240,24,3891.903376025616,2876.66765,485.5857260256163,529.65,5479,8
-481587656727886274,1,240,24,2592.308528195785,1684.0869666666667,496.5048948624516,411.71666666666664,5477,5
-4655524451843305732,1,240,24,2777.331638099453,1932.4538833333334,485.8110880994531,359.06666666666666,5472,5
-1727967857368879678,1,240,24,3907.0306696932244,2908.2351166666667,491.462219693224,507.3333333333333,5325,9
5771633175417198029,1,240,24,1919.9306516025486,1111.5496833333334,498.64763493588174,309.73333333333335,5233,3
8299545893154012244,1,240,24,3775.178102297151,2798.9333,483.7281356304839,492.51666666666665,4826,7
3851493833045990751,1,240,24,2727.803997458984,1843.0545166666666,509.0661474589843,375.68333333333334,5243,6
-1432278026293412667,1,240,24,2280.779613642923,1494.9890666666668,476.8238803095894,308.96666666666664,5628,4
-8747899710202098414,1,240,24,1914.513674086376,1150.9748833333333,519.2721240863762,244.26666666666668,5213,6
4129039993280480381,1,240,24,4937.302185706376,3837.2013333333334,499.6175190397086,600.4833333333333,5887,11
-769090451196786164,1,240,24,2763.6068968011996,1827.06615,504.6574134678663,431.8833333333333,5586,7
-764304691022715676,1,240,24,6006.583467944137,4813.14015,497.543317944137,695.9,5983,10
-2097961214477019518,1,240,24,2142.8142474106176,1327.3046166666666,517.4596307439508,298.05,6001,4
-2172443498801002141,1,240,24,1548.017681769852,840.7485666666666,521.5357817698521,185.73333333333332,5056,2
-3594014996973682261,1,240,24,4291.7656251394055,3292.21305,497.3359084727394,502.21666666666664,5518,9
2174041221540221373,1,240,24,3489.007645226947,2541.2163666666665,488.5912785602805,459.2,5392,7
7652091727516579789,1,240,24,3266.0851162624886,2380.2467666666666,476.1883495958219,409.65,4847,6
4806663257436010884,1,240,24,2856.8652020791883,1982.3380833333333,499.39378541252177,375.1333333333333,5705,8
4019719714918249116,1,240,24,3630.3428180648452,2623.43145,543.4113680648453,463.5,5905,7
1233470051117142250,1,240,24,2842.26688955835,2012.1660333333334,470.60085622501686,359.5,5337,5
-4756520794406406775,1,240,24,4151.269169698184,3147.520716666667,491.59845303151695,512.15,5041,8
7072971265770373254,1,240,24,2849.705633022179,1977.2632,497.2757663555122,375.1666666666667,5658,6
-2980548973580349928,1,240,24,2314.378135769273,1442.5819833333333,518.2461524359395,353.55,4757,6
-229373424160374971,1,240,24,3706.9100351317834,2725.595783333333,517.530918465117,463.78333333333336,5956,7
-4837391276686027125,1,240,24,5879.93006737058,4610.740466666667,537.9062673705799,731.2833333333333,5269,13
4457982772288341560,1,240,24,3768.925053235993,2778.064733333333,511.41031990266015,479.45,6635,7
3065592784053488403,1,240,24,4149.173496514895,3104.0740166666665,511.0994798482282,534.0,6311,7
5603879172479884005,1,240,24,1880.7525137477646,1104.5148,510.30438041443136,265.93333333333334,6011,3
-5565222327294036679,1,240,24,2700.59688164199,1828.6861666666666,517.7273816419901,354.18333333333334,5873,8
6591253900282895354,1,240,24,1194.6143300781087,571.3578666666667,471.85646341144184,151.4,5720,2
-2019178871806265670,1,240,24,4651.037604861184,3588.9967833333335,474.39082152785096,587.65,6195,10
7162833630586874668,1,240,24,2220.655764814089,1436.425,514.880764814089,269.35,6388,4
-7426705826541977542,1,240,24,2857.666866662073,2019.5830833333334,469.3004499954062,368.78333333333336,6609,7
4270183515862994556,1,240,24,1483.2933019679162,827.5309,473.0457353012497,182.71666666666667,5533,3
6897316562374909112,1,240,24,4524.151673937205,3456.22575,483.19259060387134,584.7333333333333,6603,8
-2255782773862605881,1,240,24,3826.444459646394,2862.73035,480.49744297972757,483.21666666666664,5960,10
4773041614751148754,1,240,24,2291.53408230972,1509.0345833333333,473.3328323097201,309.1666666666667,6196,5
-1212073219054294370,1,240,24,4118.042776097684,3070.1320166666665,519.3774260976833,528.5333333333333,6327,6
2318980217557802098,1,240,24,2865.848185457338,1960.5858,466.7290521240046,438.53333333333336,6528,6
4963369176482231765,1,240,24,3409.019076252015,2505.3568666666665,498.145542918682,405.51666666666665,5756,5
-6534064855532587567,1,240,24,1489.570304453977,763.4619166666666,486.6583877873105,239.45,6322,3
2680789421804199641,1,240,24,4031.6114957438867,3083.6689333333334,471.65922907722006,476.28333333333336,6512,6
-6576476538661813573,1,240,24,2281.2122988805377,1465.7376333333334,501.54133221387116,313.93333333333334,6258,4
8021110354770553254,1,240,24,2719.3760542321284,1825.65585,523.0368708987949,370.68333333333334,5452,6
-2857252930512765336,1,240,24,2464.5833765515295,1673.0155333333332,476.6178432181963,314.95,5749,6
-7812221498982111148,1,240,24,4391.824886479281,3340.190666666667,522.4342198126149,529.2,5710,9
-7510419691157840177,1,240,24,4321.834819231304,3350.647016666667,489.13780256463707,482.05,6118,7
-7071340376525705332,1,240,24,5092.762063828389,3974.2177,531.4110304950557,587.1333333333333,6267,6
877666931228277042,1,240,24,2528.6177747223655,1645.58445,517.9166580556988,365.1166666666667,5194,6
-5046187612984056373,1,240,24,3072.8569539867185,2182.13915,514.2011373200523,376.51666666666665,6047,3
3899333552010959426,1,240,24,3293.24989537063,2328.7445,512.4220620372965,452.0833333333333,5500,6
-6931757535691957313,1,240,24,1518.4000871275987,838.1503,506.83312046093187,173.41666666666666,5342,2
-6043311491463559320,1,240,24,4923.499845885585,3907.6248166666664,458.1916958855852,557.6833333333333,5824,7
-307735301741450467,1,240,24,1820.5194498521732,1053.18265,496.60346651884,270.73333333333335,5771,5
-3270762235634308812,1,240,24,2499.4063224321453,1682.0959166666667,508.74373909881183,308.56666666666666,5418,8
2810679252812039039,1,240,24,2306.454932866458,1520.9982666666667,506.65666619979106,278.8,5166,4
-3518294424623621793,1,240,24,2760.215158135563,1950.6103166666667,453.9381748022296,355.6666666666667,5597,7
677512701306014825,1,240,24,2160.264125047686,1402.72555,484.3552417143526,273.18333333333334,5451,5
1536439552090741827,1,240,24,2462.625289701807,1655.7051333333334,487.7368230351404,319.18333333333334,5397,5
2082345573704187612,1,240,24,2436.266494558605,1592.6685,481.5646612252714,362.03333333333336,5828,7
-5762506590109036521,1,240,24,3357.523555607929,2451.607466666667,470.98275560792916,434.93333333333334,5479,7
-6303153958613861140,1,240,24,2771.796955696496,1890.9185,504.8784556964959,376.0,5746,8
-4025334479023592240,1,240,24,3801.0639276866304,2797.3461833333336,479.33441101996357,524.3833333333333,5421,5
503906148437178291,1,240,24,3855.5230891162582,2853.299683333333,488.6067391162584,513.6166666666667,5740,9
549499069055205659,1,240,24,2708.3196384051325,1802.60485,524.131455071799,381.5833333333333,5871,8
-3425419613554027817,1,240,24,3348.5222202923055,2445.8091,483.57978695897253,419.1333333333333,7484,8
-422305145314522324,1,240,24,5143.986747812908,4056.7518833333334,467.4015311462419,619.8333333333334,7124,9
3281473766858603477,1,240,24,1747.2350555263022,1009.3796166666667,493.8554388596355,244.0,6918,3
-7547181162916862861,1,240,24,3815.931926331806,2840.2573666666667,500.8912263318062,474.78333333333336,7582,8
232669330084540651,1,240,24,4493.888353091075,3507.1895,472.78218642440845,513.9166666666666,7518,8
-8365347774648746415,1,240,24,955.8964568226484,342.35605,506.29040682264844,107.25,6591,1
2475680974470875666,1,240,24,3492.202117217371,2495.9420333333333,514.5100838840377,481.75,6969,7
-8341180322803544185,1,240,24,4054.5806691360053,3084.908483333333,499.2555191360055,470.4166666666667,7383,9
-3434762241311623220,1,240,24,3645.2874906632646,2649.9898,522.4976906632645,472.8,7442,8
4298792178775576451,1,240,24,1673.7426897145951,946.8503333333333,507.0756897145953,219.81666666666666,6675,4
-7957044372948131353,1,240,24,4809.892325529374,3714.057566666667,479.0014255293741,616.8333333333334,5706,9
4614750230693932922,1,240,24,1995.0862157782938,1223.4698666666666,480.533015778294,291.0833333333333,5368,4
-8576278027271341537,1,240,24,4600.447806976779,3502.77685,513.6209569767789,584.05,5587,7
2620419548744943181,1,240,24,3018.44534584046,2078.1317166666668,492.01362917379294,448.3,5619,8
4181379648142469311,1,240,24,4422.429039233535,3438.954166666667,486.6915392335346,496.78333333333336,6778,7
-5380447195547476744,1,240,24,2304.061663289435,1471.0698333333332,469.47516328943493,363.51666666666665,5824,6
3595254835304757311,1,240,24,4218.20264720923,3262.225516666667,477.0437972092299,478.93333333333334,6770,10
-6005473844894678220,1,240,24,2275.7812999249595,1412.8780666666667,522.436566591626,340.46666666666664,5960,8
7703372722667990794,1,240,24,4586.581040888999,3549.4896833333332,483.8913575556661,553.2,6364,9
398945061277320620,1,240,24,1416.28778873109,725.97705,458.31073873109,232.0,6044,5
-3071327468922444545,1,240,24,3207.6772870918876,2295.6885666666667,535.0220537585543,376.96666666666664,5949,8
-7125911273620511912,1,240,24,2114.4099098828933,1310.0342833333334,491.2422932162268,313.1333333333333,6392,4
-2669800448709824713,1,240,24,1751.2659024901411,994.8616333333333,491.22093582347446,265.18333333333334,6132,3
-5002973900145474782,1,240,24,3829.6308952980016,2757.611,527.0532286313351,544.9666666666667,6336,8
-2019173074006032591,1,240,24,3405.4047997051416,2456.43315,487.6883163718087,461.28333333333336,6152,7
7697919163338772533,1,240,24,3814.9911634369196,2826.1107666666667,503.08039677025266,485.8,7074,9
5688917821686937397,1,240,24,5158.152418641916,4045.394816666667,478.55760197524864,634.2,7644,8
8117381285654613292,1,240,24,3528.359198376478,2579.1726166666667,494.4865817098114,454.7,7784,5
-1694024405284514641,1,240,24,2918.5325108670804,2059.0995666666668,470.4996108670801,388.93333333333334,8224,8
-5933433613778370473,1,240,24,3437.0279796787136,2481.6133333333332,489.0479796787138,466.3666666666667,6689,8
1890966535325147282,1,240,24,4124.453849507182,3103.5239166666665,509.6299328405153,511.3,9458,8
139582348768921507,1,240,24,5068.561059623541,3942.7888666666668,502.1888596235417,623.5833333333334,9048,7
4793478946541561436,1,240,24,3444.955736567182,2517.4456833333334,483.3600532338489,444.15,8910,5
-5672999561783957641,1,240,24,5004.552308982294,3905.658033333333,488.81094231562787,610.0833333333334,9264,9
-8070134046143122544,1,240,24,1660.4542123908063,887.5766666666667,492.94421239080623,279.93333333333334,8348,5
2230406079368690614,1,240,24,3812.4909903068897,2798.7652333333335,493.4090903068896,520.3166666666667,8126,7
-1429210174061866434,1,240,24,2407.465982097363,1619.25595,473.093365430696,315.1166666666667,7474,5
5016547735207349668,1,240,24,2722.2603758225982,1868.8191333333334,496.6245758225982,356.81666666666666,7312,7
-1778827428813968722,1,240,24,2904.8888035723917,2010.7623333333333,516.2764702390587,377.85,7357,7
3146687996197291180,1,240,24,3465.1750962862925,2549.655133333333,477.2532962862928,438.26666666666665,7438,9
-4811714502765532510,1,240,24,4038.8188991562847,2943.4333833333335,525.6521824896182,569.7333333333333,6198,9
1076362903505898111,1,240,24,1850.4843912422664,1100.1390333333334,494.6453579089329,255.7,6135,5
-6793089706245085699,1,240,24,2643.5378619966077,1773.88905,535.2488119966077,334.4,5847,6
-6302791451542798412,1,240,24,2191.247351449081,1418.77715,468.52020144908136,303.95,6048,5
6278873408215517006,1,240,24,2833.026914041368,1912.3632833333334,484.46363070803494,436.2,6822,7
-8848270547380189558,1,240,24,3305.743047392125,2398.860583333333,474.1991307254585,432.68333333333334,6524,7
2073352638645776468,1,240,24,5136.787559569443,4064.23945,457.94810956944247,614.6,6536,9
4525208116246965402,1,240,24,1875.0032951820053,1151.3966666666668,471.0566285153386,252.55,6260,4
-2708428033667030074,1,240,24,3035.1525084265113,2126.7567,494.49580842651113,413.9,6254,8
-1510037452122011791,1,240,24,4308.948282049965,3304.631316666667,458.5169653832986,545.8,6925,9
-7583623935849925323,1,240,24,4796.120923408702,3665.2946,539.3763234087021,591.45,6095,11
3873527736201616368,1,240,24,2516.111801383894,1560.4843833333334,540.510751383894,415.1166666666667,6652,8
6144582178358115160,1,240,24,3391.325149087921,2480.6706833333333,487.67113242125447,422.98333333333335,6364,8
7714581792802681345,1,240,24,3967.829626923025,2973.3911,514.3718602563588,480.06666666666666,6605,8
7084852974814661286,1,240,24,2974.1564177977198,2089.221233333333,494.0018511310532,390.93333333333334,5845,6
-5633718604107398377,1,240,24,3109.9356953989395,2126.2616666666668,482.95736206560605,500.71666666666664,5202,7
-1620634791764763651,1,240,24,2271.7634834239825,1430.4689333333333,483.8945500906493,357.4,5428,5
8363034046047212451,1,240,24,4707.400194129663,3599.0087,521.6581607963294,586.7333333333333,5485,10
8983687729921350506,1,240,24,2534.649153839763,1666.4652333333333,499.2672538397631,368.9166666666667,5348,6
-2684702693477641871,1,240,24,3688.3103529776745,2678.5885333333335,512.5551529776744,497.1666666666667,4270,7
3238.8573538061314std=1078.9247566500023