seed,instance,duration,frequency,cost,tardiness,travelTime,overTime,computationTime
782583506969552992,1,240,24,1192.6689195504498,508.3215666666667,534.3806862171164,149.96666666666667,7664,0
-5541464229484342020,1,240,24,1153.354288689622,475.72628333333336,527.3280053562887,150.3,7238,0
5203306459365885672,1,240,24,1235.7065694298133,531.2662666666666,531.5236360964798,172.91666666666666,7863,0
7642908639498411342,1,240,24,1291.9552600390307,569.2282333333334,548.5770267056973,174.15,8241,0
-2451299337107840008,1,240,24,1211.757142781324,531.3572833333334,522.6998594479907,157.7,8314,0
5928283818417923153,1,240,24,1149.4533229344793,467.4076166666667,534.179039601146,147.86666666666667,8024,0
2461734090402507026,1,240,24,1081.3067521769703,414.0609666666667,525.8457855103036,141.4,7698,0
2134024673109844781,1,240,24,1191.6968407966697,488.03368333333333,532.729824130003,170.93333333333334,8042,0
-8961300118901020200,1,240,24,1298.5730631173062,542.38815,586.6349131173064,169.55,8442,0
8075292919129901534,1,240,24,1197.1819427458217,538.3838666666667,511.49807607915517,147.3,8236,0
-8261313408374103090,1,240,24,1081.8182109813788,397.1863333333333,549.9485443147121,134.68333333333334,7017,0
7674419966232165276,1,240,24,1235.593757346781,507.0099,553.7838573467811,174.8,7937,0
7109546606045534716,1,240,24,1130.7522644462865,442.42226666666664,532.1633311129531,156.16666666666666,7468,0
6556361022965809331,1,240,24,1267.6150879329252,579.43625,512.9455045995919,175.23333333333332,7155,0
-8727434480880003295,1,240,24,1117.5037249249215,439.24133333333333,540.9790582582549,137.28333333333333,7047,0
316214762330218711,1,240,24,1482.0660879985169,693.82175,573.7943379985169,214.45,8761,0
511168606054560241,1,240,24,1165.5905885996956,499.38913333333335,509.51812193302885,156.68333333333334,7326,0
-6944560613166325532,1,240,24,1142.0636119636436,456.04973333333334,529.1638786303104,156.85,7443,0
8502646895184153456,1,240,24,1271.554111825346,576.6860166666667,542.5847618253458,152.28333333333333,7839,0
-6150989588647184654,1,240,24,1314.5645251490146,631.3606666666667,520.0371918156811,163.16666666666666,7251,0
6940304193960507239,1,240,24,1265.1850488830084,558.5863166666667,533.682065549675,172.91666666666666,8426,0
8994497875694156924,1,240,24,1310.38763588315,581.31445,561.7731858831502,167.3,7385,0
-2003976480001387728,1,240,24,1089.4964967672363,419.89051666666666,522.2559801005697,147.35,7420,0
-2327051053310206553,1,240,24,1229.7546644959948,524.0237333333333,546.4809311626615,159.25,7920,0
647836301658713295,1,240,24,1214.1872738972322,527.7045166666667,519.6827572305657,166.8,7791,0
-71164265115712545,1,240,24,1145.4181825188116,459.37986666666666,544.4716491854782,141.56666666666666,7354,0
-481587656727886274,1,240,24,1096.5137276739304,455.5592833333333,489.27111100726376,151.68333333333334,7014,0
-4655524451843305732,1,240,24,1047.2868659758801,386.54215,534.3947159758802,126.35,6982,0
-1727967857368879678,1,240,24,1286.5399798783583,576.49675,532.6598965450248,177.38333333333333,8038,0
5771633175417198029,1,240,24,1222.2282341682267,541.18715,502.62441750155995,178.41666666666666,7397,0
782583506969552992,2,240,24,1820.425672741706,913.4966666666667,647.2123394083725,259.71666666666664,9948,0
-5541464229484342020,2,240,24,1624.0853741828737,766.86865,611.550057516207,245.66666666666666,10205,0
5203306459365885672,2,240,24,1665.5644547427953,800.9327,612.5317547427954,252.1,9907,0
7642908639498411342,2,240,24,1525.9244722684143,728.18555,582.5055889350809,215.23333333333332,10006,0
-2451299337107840008,2,240,24,1705.3819040083688,847.22125,616.0773206750354,242.08333333333334,10021,0
5928283818417923153,2,240,24,2024.7675347475574,1084.5348666666666,639.4993347475574,300.73333333333335,11188,0
2461734090402507026,2,240,24,1740.5080040699015,882.7334833333333,625.6078540699015,232.16666666666666,10204,0
2134024673109844781,2,240,24,1657.6487541864471,789.4100833333333,630.0886708531136,238.15,10461,0
-8961300118901020200,2,240,24,1505.5350771046346,676.0463833333333,622.055360437968,207.43333333333334,9654,0
8075292919129901534,2,240,24,1406.8110092311015,623.31325,593.1977592311016,190.3,10400,0
-8261313408374103090,2,240,24,1666.3851409792805,795.4371,629.9480409792807,241.0,9967,0
7674419966232165276,2,240,24,1634.0444366077575,786.9251166666667,607.9193199410906,239.2,10088,0
7109546606045534716,2,240,24,1844.567583562084,938.5406,630.0436502287507,275.98333333333335,9723,0
6556361022965809331,2,240,24,1345.0632687966795,602.7231833333333,554.4734187966793,187.86666666666667,10262,0
-8727434480880003295,2,240,24,1497.7204487417575,704.1561333333333,576.1643154084242,217.4,10126,0
316214762330218711,2,240,24,1599.8959353654345,779.49965,585.0296186987679,235.36666666666667,10193,0
511168606054560241,2,240,24,1653.152863981546,787.1322833333334,626.8039139815461,239.21666666666667,10135,0
-6944560613166325532,2,240,24,1557.2540620828152,704.4077,625.9130287494818,226.93333333333334,10306,0
8502646895184153456,2,240,24,1502.6993205555918,687.9359666666667,591.1633538889251,223.6,9917,0
-6150989588647184654,2,240,24,1450.2808716395393,661.3191333333333,589.3450716395394,199.61666666666667,9879,0
6940304193960507239,2,240,24,1576.4356928708708,736.7782166666667,616.5408095375371,223.11666666666667,11005,0
8994497875694156924,2,240,24,1850.2212668236689,952.4254,633.2625334903356,264.53333333333336,10867,0
-2003976480001387728,2,240,24,1433.6216759899228,656.6632,576.1251426565896,200.83333333333334,10441,0
-2327051053310206553,2,240,24,1497.3961692314401,699.7716,578.6912358981066,218.93333333333334,10446,0
647836301658713295,2,240,24,1740.8813949029868,848.7826666666666,646.3820615696536,245.71666666666667,10143,0
-71164265115712545,2,240,24,1684.3281676394124,831.7762333333334,621.6019343060791,230.95,9508,0
-481587656727886274,2,240,24,1577.2550034192418,712.1278,641.2272034192416,223.9,10005,0
-4655524451843305732,2,240,24,1612.064356661712,752.2921333333334,622.7222233283786,237.05,10765,0
-1727967857368879678,2,240,24,1668.7307532246098,825.4875833333333,594.8265032246096,248.41666666666666,9836,0
5771633175417198029,2,240,24,1685.6542810468861,817.0273833333333,621.2102310468861,247.41666666666666,10657,0
782583506969552992,3,240,24,1543.6127558875135,714.9025833333334,612.7435058875134,215.96666666666667,7856,0
-5541464229484342020,3,240,24,1386.1566123446285,619.72725,557.0960290112951,209.33333333333334,8974,0
5203306459365885672,3,240,24,1701.6859511656728,852.4299666666667,611.9559844990061,237.3,9079,0
7642908639498411342,3,240,24,1697.7958436482277,858.2243333333333,579.1881769815611,260.3833333333333,9046,0
-2451299337107840008,3,240,24,1500.5784099859425,689.6898166666666,579.9885933192759,230.9,9186,0
5928283818417923153,3,240,24,1526.7832371234458,694.0647833333334,615.1017871234458,217.61666666666667,9116,0
2461734090402507026,3,240,24,1566.126468614134,744.4381333333333,591.321668614134,230.36666666666667,8844,0
2134024673109844781,3,240,24,1514.0229931284205,678.8879333333333,609.9517264617538,225.18333333333334,9338,0
-8961300118901020200,3,240,24,1617.022949472993,789.2973333333333,578.8089494729932,248.91666666666666,9552,0
8075292919129901534,3,240,24,1910.3515162151054,1007.04735,620.0041662151054,283.3,9559,0
-8261313408374103090,3,240,24,1771.6607908476155,869.5302,639.147257514282,262.98333333333335,8842,0
7674419966232165276,3,240,24,1722.497367491779,867.65525,614.5754508251124,240.26666666666668,9447,0
7109546606045534716,3,240,24,1512.8458055359363,678.14635,623.0161222026029,211.68333333333334,8138,0
6556361022965809331,3,240,24,1860.9354154005807,985.4743833333333,599.1443654005808,276.31666666666666,9406,0
-8727434480880003295,3,240,24,1460.1275716742055,660.2978166666667,583.2464216742056,216.58333333333334,8621,0
316214762330218711,3,240,24,1452.757361339742,652.1924666666666,583.8982280064084,216.66666666666666,8997,0
511168606054560241,3,240,24,1310.6713955920277,558.04265,567.9787455920276,184.65,8786,0
-6944560613166325532,3,240,24,1623.371472723107,810.6573833333333,588.6640893897736,224.05,8417,0
8502646895184153456,3,240,24,1658.0322229309209,815.1919833333334,602.3402395975874,240.5,9170,0
-6150989588647184654,3,240,24,1615.9606796784592,772.3362333333333,617.2077796784591,226.41666666666666,8407,0
6940304193960507239,3,240,24,1674.6145767982568,816.5188166666667,601.5124267982569,256.5833333333333,8947,0
8994497875694156924,3,240,24,1415.4563411241875,623.5350833333333,591.2045911241876,200.71666666666667,8023,0
-2003976480001387728,3,240,24,1616.0968669224364,759.6760333333333,610.5041669224365,245.91666666666666,8438,0
-2327051053310206553,3,240,24,1507.3647273557617,702.3724,592.3589940224286,212.63333333333333,8274,0
647836301658713295,3,240,24,1498.4323208622875,672.3916333333333,602.9740208622876,223.06666666666666,7758,0
-71164265115712545,3,240,24,1505.1899098062502,695.0971666666667,599.8594098062503,210.23333333333332,9008,0
-481587656727886274,3,240,24,1479.3929728530065,707.0289333333334,571.7140395196732,200.65,8960,0
-4655524451843305732,3,240,24,1656.332693316516,799.32415,620.9252099831826,236.08333333333334,9006,0
-1727967857368879678,3,240,24,1658.9594713563724,808.9341,594.958704689706,255.06666666666666,9406,0
5771633175417198029,3,240,24,1577.1412415033265,751.33325,599.274658169993,226.53333333333333,8780,0
782583506969552992,4,240,24,1314.9296583113698,536.7409333333334,601.2887249780364,176.9,9133,0
-5541464229484342020,4,240,24,1183.981084316631,442.5738,590.8572843166311,150.55,9078,0
5203306459365885672,4,240,24,1102.3272492124104,397.21236666666664,564.7148825457438,140.4,8801,0
7642908639498411342,4,240,24,1089.0526917007853,392.82998333333336,555.4227083674521,140.8,10236,0
-2451299337107840008,4,240,24,1491.2320873415194,656.1399833333334,640.2421040081862,194.85,9822,0
5928283818417923153,4,240,24,1257.0432577972301,507.1530666666667,574.9568577972301,174.93333333333334,8921,0
2461734090402507026,4,240,24,1342.2299384617736,554.5639166666666,599.866021795107,187.8,8601,0
2134024673109844781,4,240,24,1165.7112964553628,432.3238666666667,587.4374297886961,145.95,8592,0
-8961300118901020200,4,240,24,1349.712342235342,558.8494,611.4796089020089,179.38333333333333,9066,0
8075292919129901534,4,240,24,1207.3390068348385,508.74766666666665,543.0413401681719,155.55,8805,0
-8261313408374103090,4,240,24,1275.8320820023,524.6742666666667,577.7244820023001,173.43333333333334,9797,0
7674419966232165276,4,240,24,1143.0678959152456,445.0713,554.2799292485789,143.71666666666667,8601,0
7109546606045534716,4,240,24,1220.1219175836181,455.5670166666667,601.121567583618,163.43333333333334,9491,0
6556361022965809331,4,240,24,1516.236682001068,704.3035833333333,609.3997653344013,202.53333333333333,10694,0
-8727434480880003295,4,240,24,1096.796871982808,399.9839666666667,561.3629053161413,135.45,9581,0
316214762330218711,4,240,24,1436.76951098394,624.6921,601.4607443172733,210.61666666666667,8966,0
511168606054560241,4,240,24,1308.0541677644528,490.21048333333334,638.0936844311194,179.75,9041,0
-6944560613166325532,4,240,24,1197.4024928149258,451.8272166666667,588.2752761482593,157.3,8601,0
8502646895184153456,4,240,24,1341.7239564065744,572.19195,586.2486730732412,183.28333333333333,8966,0
-6150989588647184654,4,240,24,1266.856578140159,494.6804,603.9428448068255,168.23333333333332,9949,0
6940304193960507239,4,240,24,1392.0231248319399,599.1839333333334,606.7891914986064,186.05,10366,0
8994497875694156924,4,240,24,1456.8636439239845,633.9581666666667,620.4721439239844,202.43333333333334,10274,0
-2003976480001387728,4,240,24,1435.3945633837245,662.8673833333334,583.4771800503913,189.05,9909,0
-2327051053310206553,4,240,24,1209.1993637308613,456.60555,598.1271470641946,154.46666666666667,8802,0
647836301658713295,4,240,24,1351.611038118231,594.0340666666667,574.5269714515642,183.05,8879,0
-71164265115712545,4,240,24,1106.8308185626552,386.68378333333334,571.530368562655,148.61666666666667,8728,0
-481587656727886274,4,240,24,1451.4178196632927,633.75135,621.7331363299593,195.93333333333334,9993,0
-4655524451843305732,4,240,24,1112.9402343716251,397.60795,576.4656177049586,138.86666666666667,9252,0
-1727967857368879678,4,240,24,1236.5336272004097,508.52441666666664,558.0758772004096,169.93333333333334,9789,0
5771633175417198029,4,240,24,1119.5513892730914,392.6167,581.7346892730914,145.2,9425,0
782583506969552992,5,240,24,1158.8908142744679,486.98271666666665,511.00809760780106,160.9,6979,0
-5541464229484342020,5,240,24,1488.5667901992128,737.4567833333333,540.2433401992126,210.86666666666667,7842,0
5203306459365885672,5,240,24,1499.077675090024,722.491,557.2200084233574,219.36666666666667,7884,0
7642908639498411342,5,240,24,1349.258163934921,608.9304,547.3610972682543,192.96666666666667,7886,0
-2451299337107840008,5,240,24,1237.6840355981217,511.18238333333335,546.6016522647883,179.9,6719,0
5928283818417923153,5,240,24,1351.5185309431768,598.83595,560.26591427651,192.41666666666666,7570,0
2461734090402507026,5,240,24,1266.635706603176,552.5108166666666,529.2582232698425,184.86666666666667,7720,0
2134024673109844781,5,240,24,1373.2236736174464,623.2652833333333,556.0250569507798,193.93333333333334,7921,0
-8961300118901020200,5,240,24,1356.411725686678,602.9847833333333,559.4269423533448,194.0,7679,0
8075292919129901534,5,240,24,1373.0410483788955,604.70935,574.2650317122291,194.06666666666666,7590,0
-8261313408374103090,5,240,24,1262.4220436019848,516.2977833333333,563.9575936019849,182.16666666666666,7907,0
7674419966232165276,5,240,24,1328.1855015196375,586.9605166666666,550.3083181863041,190.91666666666666,7687,0
7109546606045534716,5,240,24,1282.0421067619993,559.2964,549.7290400953327,173.01666666666668,8093,0
6556361022965809331,5,240,24,1154.591586356131,480.2110666666667,511.5471863561311,162.83333333333334,6733,0
-8727434480880003295,5,240,24,1237.2125909634576,525.7753,549.0372909634575,162.4,7541,0
316214762330218711,5,240,24,1369.3328756993674,637.73545,544.9807590327006,186.61666666666667,7478,0
511168606054560241,5,240,24,1352.356247840334,624.5109,525.0786811736673,202.76666666666668,8232,0
-6944560613166325532,5,240,24,1234.7029472591973,526.1749833333333,539.2946305925308,169.23333333333332,7251,0
8502646895184153456,5,240,24,1411.523348942418,669.8324333333334,547.5075822757511,194.18333333333334,8386,0
-6150989588647184654,5,240,24,1580.4142695761482,846.57795,514.9029862428148,218.93333333333334,8169,0
6940304193960507239,5,240,24,1274.483498346238,552.0311,552.402398346238,170.05,7664,0
8994497875694156924,5,240,24,1405.316461824134,620.95775,581.2753784908007,203.08333333333334,7562,0
-2003976480001387728,5,240,24,1164.943392710259,475.71751666666665,524.3425427102592,164.88333333333333,7237,0
-2327051053310206553,5,240,24,1373.898288222348,634.5916333333333,536.9733215556813,202.33333333333334,7218,0
647836301658713295,5,240,24,1319.4718319554092,580.9720666666667,543.1664319554094,195.33333333333334,7517,0
-71164265115712545,5,240,24,1169.2555943408347,478.14555,539.3100443408348,151.8,7088,0
-481587656727886274,5,240,24,1180.601923088571,492.95585,522.2127397552377,165.43333333333334,6393,0
-4655524451843305732,5,240,24,1258.6236336576385,558.0041166666666,527.0861836576386,173.53333333333333,6010,0
-1727967857368879678,5,240,24,1505.7494534759812,740.3739166666667,544.5922034759813,220.78333333333333,5116,0
5771633175417198029,5,240,24,1353.405437072183,608.0674333333334,553.3880037388498,191.95,4628,0
1401.784564443602std=210.29057059836842